0.37956522047132385,0.035408526068034435,0.16277478174066684,0.14653516881889264,0.025954097145038078,0.07710757961764529,0.05598994524500657,0.013428636116374456,0.02751900908129447,0.02172583983155877,0.004731169240952213,0.0005231531497002084,0.017009136254594423,0.0065142049872731886,0.002075480336458075,0.0048239807298170465,0.004683535107794941,0.0016265429409023876,0.0009493578158096201,0.005417790555439176,0.0022645936008394837,0.0006359993309674715,0.0006400106381484423,0.0007098228772626023,0.0006149347510155635,0.00032728416292102813,0.0002993627771677758,0.0001448366071006744
0.0064130064265231655,0.7112325553585157,0.03190887938263593,0.11821362667806622,0.07910693766733545,0.005161603184244543,0.0012059573900249916,0.0062263263855736285,0.000889210927566647,0.00017717097321227543,3.9899267712489965e-05,1.1491484759039176e-05,0.0066740650728209045,0.016820506319606843,0.0020721210608425334,0.008283279092191051,0.0011084539765745902,0.002283060297239993,0.000613662783062117,0.00013887814946322784,1.8846468067074956e-05,0.00011302167811255512,3.7351831125229153e-06,0.0005960562125243704,0.0003709381706044174,0.00015597305068956925,0.00011383314958416606,4.690420933393736e-05
0.014980874471540222,0.08687677412417748,0.6457055827779216,0.05422763074229565,0.055785489881858254,0.026635273805637905,0.005364969721932486,0.06456573671200547,0.009663483928593888,0.0017716925661748059,0.0003413438411293252,6.045415826247327e-05,0.003932572749709751,0.003473108304965706,0.001033105488258934,0.010829185313908208,0.008571963611000474,0.0010364039543728624,0.0013317744938299292,0.0016349640466666935,0.00024331414337473172,0.0005441105739247533,3.354098892100835e-05,0.0006555153014492107,0.0002657258369078882,0.00017486679472231904,0.00015437330945836645,0.00010616835699967229
0.010689318683066808,0.05883129237388176,0.030078045456798996,0.6446495416430325,0.020658062933473203,0.008740082664348923,0.0018151929299248736,0.0033405936443727737,0.0008798679614516497,0.00019283551441047058,4.2943636350070435e-05,1.2602715485591693e-05,0.08830261306398923,0.06604931853008364,0.02823960749939087,0.0054912744382596525,0.0008657238219204306,0.015099850780976217,0.0018238576988726988,0.00015913469569244382,2.8067357420109108e-05,0.00023594103104920562,6.0858043883177115e-06,0.004538638478151375,0.00612888323256724,0.0017353181843901067,0.0010506341802298614,0.0003146710460206678
0.02533389075067757,0.019343766798534282,0.043691089293056366,0.045871558270946404,0.6033307168299155,0.04105283580458335,0.012940121800778992,0.023017787632966056,0.00500957709709843,0.002058004156855339,0.00048061304913164126,7.63795756985311e-05,0.03255281245023781,0.042650817967082144,0.0038459470213984717,0.05591499141739255,0.007739918434820235,0.013118347331157592,0.010957747014859543,0.001492253708963189,0.00029953466322896443,0.0020055521814272394,4.896935340106537e-05,0.0014718765250343478,0.0015294718338509392,0.00252126813597555,0.0004475584927991304,0.0011965924081287472
0.01399584871667859,0.0026042712986975715,0.05544942689650441,0.006019368250671935,0.05211839016581149,0.6847609560130203,0.021413298757926483,0.04887397073576636,0.06005339981975311,0.009484769595299968,0.0012767843627973575,0.00017310263009466328,0.01407393970954048,0.004033556441912468,0.0008726114928489438,0.002792620210300482,0.008352284708492176,0.0006717520344640121,0.0007182878929194784,0.007967022744088467,0.001638881676260504,0.0011194274801259976,0.0002078226302764328,0.000476675203958051,0.0003218938336113827,0.0001790956045976878,0.00020208298552161063,0.0001484581080595847
0.018444855719706787,0.0025701819718517782,0.006321006468905912,0.0024614812888122443,0.012563049377820577,0.05782480495702748,0.6448869185444941,0.09730067976063086,0.05632567663896046,0.03380891823078441,0.004569932456916833,0.0005648871875690223,0.00251272140437278,0.02632289446628525,0.0036800115135152134,0.010511486432418345,0.0033242066665336973,0.0012089876869194904,0.0009757859737220351,0.0055581640914813,0.004596986223339664,0.0008344204765632309,0.0010283244999700464,0.0003021043012031577,0.0004409451820668529,0.0005143041173124407,0.0001971318490574375,0.0003491325117584473
0.0016826997445837254,0.003543250948421806,0.023638117950466032,0.0007783741270464752,0.025559549641888498,0.0300333572864785,0.029848260501511098,0.7102872778032275,0.02671861031901965,0.003470540874942093,0.0010977913301159679,0.00020746154173159745,0.0014637846688807295,0.023415458973136658,0.0033165958501532268,0.036067159597133525,0.049317759241578996,0.002055820993453776,0.00703812335565346,0.007035245260862517,0.0010468812575886444,0.008126820674008235,0.00016579812891122462,0.0009368440198634322,0.0005991353056278849,0.0006915054971168337,0.0003433860920721895,0.0015143890145256935
0.004287712695011824,0.0019353283571777174,0.0077382427771106165,0.0009045149745340984,0.0023343060586156848,0.03435109797546121,0.020463360194281424,0.030210573203892786,0.727732196102833,0.02220435677811797,0.001327285322773289,0.0003746016661886819,0.0005019668414404706,0.002933504936238444,0.01100577100302255,0.037509575849651096,0.04083352493978448,0.007129786386827056,0.002172524501984676,0.028492635400004893,0.003635291158414566,0.004444635808894509,0.0005013221191308789,0.003871241630321081,0.0011020483166077472,0.0007854184443966557,0.0004894311833073695,0.000727745373974946
0.008095970047779517,0.0003579768115233294,0.0014934934737232729,0.00027461883548475497,0.0011409721935841533,0.009430564015498749,0.05880084267596315,0.004365937134425883,0.04061456198413577,0.7293131966212052,0.022474688490058143,0.0005736588407153645,0.00027147850148777884,0.0009405926228023755,0.0009311753956160976,0.003628194438965148,0.03296538992474633,0.007470422155972694,0.007611879282461754,0.04131523349372155,0.01673542164227264,0.0016813625543036861,0.002105028728738126,0.001877827853240434,0.0036719590012692233,0.0008294201453517298,0.0003910081056524518,0.0006371250293008957
0.00068021671590318,3.5819077878492484e-05,0.00012735400373450233,2.8800952950054013e-05,0.00014746115191620313,0.0007614479297874582,0.008494033538722448,0.0008338500282993852,0.004437805335619012,0.04377127956808798,0.8007092459694486,0.035476503822500796,4.044580573976631e-05,0.00021488575970268338,0.0002233097874628412,0.0007675908151904312,0.002612948114437585,0.0006111570294122658,0.003676545434162825,0.02209258343231259,0.04922331563050112,0.006202383833464305,0.013834981407602465,0.00018279834794090048,0.0010076621943047972,0.002394463311372637,0.0008897028579299593,0.0005214081436146937
3.649043607574904e-05,5.00787625552775e-06,1.2189854968219202e-05,3.837025803021074e-06,1.5689462378995313e-05,5.255340616181685e-05,0.0004107878504451085,8.776765797185199e-05,0.0004921156924476241,0.0026200330591812943,0.029188052755475757,0.8749487921905194,5.345743890860809e-06,2.857199633802148e-05,4.983910523075312e-05,0.00012879485621755383,0.0003967666699851128,0.00012439107257130458,0.00032532204928357897,0.0013131813051560756,0.013571376856139355,0.0020944936063135755,0.07086289923453332,4.813460285096576e-05,0.00012143468992781895,0.000707402756607908,0.0002876721174578467,0.002061056069811796
0.0037144805747441755,0.002212110473436074,0.014292123193289737,0.04622676835240035,0.019369810737794008,0.005197836904826247,0.0007817625840542442,0.0036004862327615487,0.0007075524848812024,0.00011623849550535924,2.4362366775804025e-05,7.567602307178495e-06,0.7086664987400549,0.016007025185059656,0.08585583588184482,0.0028191252294849263,0.0008794900098229783,0.007732123747200483,0.0013715587571454019,0.00017766555295551748,2.905852498886995e-05,0.00025335837094585793,5.97341102692403e-06,0.041516918252859566,0.02522881672016059,0.0030372957999277167,0.009712061401253181,0.00045609441249278287
0.003055044943343854,0.0019336145650331543,0.0020245020435719456,0.012139803776936974,0.028630670349471574,0.018628511451042856,0.016650513772559862,0.02894379804840856,0.007037730871191454,0.002105570598106561,0.0003730890145444073,5.24270998428606e-05,0.03789175552483348,0.6422954101551489,0.053864932498462526,0.019729189113316264,0.004204989291791157,0.06783590414147966,0.008617191866017986,0.0019008439510597827,0.000435477320907116,0.0018875637265274388,5.911262664883353e-05,0.004073960070097656,0.015865764106879416,0.015288714528932537,0.001589650937663471,0.0028842636061797095
0.00021276290492359365,0.00034217954313657024,0.0004895861735402843,0.001999682165552943,0.0017298639598268457,0.0012647629835457633,0.0036641222560477842,0.013188578621182171,0.013562937433869578,0.0014810214776297334,0.00021850671336759702,3.109899713317842e-05,0.014746350226947563,0.029984254438459004,0.7252182868050318,0.03429987360672781,0.007369304420491093,0.02006900096207588,0.0041907034177635,0.0022424812782323804,0.00038300148951136645,0.002215642888206134,4.358660300250196e-05,0.04586219364857586,0.05578278415064557,0.00705784884941947,0.010424182065953988,0.0019254019192002825
0.0009942327436318539,0.004441845290769726,0.0033448847735678073,0.0013423040324135201,0.012408408903193922,0.0014526346875289255,0.008177222799553976,0.020536237302564934,0.02793564782136173,0.005027915722292587,0.001166715092515538,0.00017924874306129253,0.000388190349700069,0.016941170254582368,0.0215414789513241,0.7267098985220425,0.02546131488369295,0.03971403416650828,0.04963819909633151,0.0028963977539790144,0.0010233236762883528,0.006753084468150235,0.0002126782916449903,0.0033831784062119314,0.00163294417575148,0.006566781989570116,0.00042476737648879635,0.009705259725277552
0.0007018308594342321,0.0011331859755452155,0.007533414166045373,0.0007208158096079425,0.003591842195184229,0.004564465695885571,0.001063610361143001,0.021930476966537885,0.01758844595538194,0.0195140664767689,0.0027664403884382935,0.0004963127118572401,0.0004334832559089837,0.0012051702759315849,0.0019341029258934848,0.020001948535887527,0.7373675224107761,0.029034971745644966,0.04584417815783127,0.025169351234605886,0.001291583703198963,0.03151948470197928,0.0004257718832714312,0.009732903772199968,0.007373500076975068,0.0017628386004103732,0.0010639332745602276,0.004234347883094845
0.00022002142455758208,0.001117124209988966,0.0005393401745636534,0.0029314468608647973,0.002962481840520245,0.0005490085828105591,0.0007920047632073304,0.0013016616934670956,0.007038504098274394,0.01397059514359502,0.0011466269674999217,0.00013262419591066483,0.0013347069889110574,0.013817471078418244,0.015641635006004018,0.02253460583564038,0.03551905492413497,0.7544689443281983,0.024915915569346272,0.005828574044112061,0.0012598361690146587,0.0025836439787968843,0.00020042293966193736,0.014523300661077739,0.03170658758429077,0.03699453869407832,0.0008543181676772566,0.005115004075376696
9.195845052586517e-05,0.0004175534245986345,0.0012919865836595265,0.0005973641140571712,0.005859130100263089,0.0005093216380660141,0.0005472411507447821,0.005208188424134699,0.0013605072290298263,0.00458299050012487,0.014269528606119488,0.0010181447037854942,0.0007229141993928721,0.0043465259975171925,0.0014240056709615776,0.029722124440747972,0.022545535437917832,0.01926080270744311,0.730395838895945,0.02644991587210531,0.004016180835040272,0.027857885825428502,0.0006872279343180509,0.001644649814429508,0.01998047268933207,0.041706278933010904,0.0063401474747256615,0.027145578346574707
0.0022743473331377465,0.00023989266179603379,0.0013168375803655678,0.00018391125672650587,0.0009336817296832108,0.009985188454756455,0.006683494848893216,0.007081306793782047,0.0514936138480603,0.024729770392020706,0.014798681386268045,0.0018620686388944741,0.00021618798640227983,0.0008626965440685528,0.0007814078381248513,0.002931681378809842,0.027063359688675726,0.0024715286257443654,0.026412063255991516,0.6998220060419507,0.032076809256262294,0.057506957592725595,0.0007422289238449211,0.0008185957158838886,0.007293433977211875,0.010477978958788972,0.007010956286350472,0.0019293130047799434
0.001190248671530735,3.267759719013727e-05,0.00012389123021998188,2.4131111402600252e-05,0.00010881204726545793,0.0009974260239996,0.012087612017660556,0.0007713407307271262,0.008843623730581266,0.08763398830104263,0.035509213065340405,0.011138444041523931,3.55072143840225e-05,0.00017980308761362396,0.0002991119147765984,0.0008257674477798476,0.0033174493205674433,0.0007235827851457905,0.002056306373245489,0.029276487858810325,0.7101042289675054,0.02094747140812175,0.0549142286467971,0.00026097867505623176,0.0006151020018431826,0.004465281143684081,0.0016212525612752833,0.011896032024909445
9.024241360865299e-05,7.264591416342507e-05,0.0005734219928489975,0.0001266490295386689,0.0009413949837753824,0.0013645545610841035,0.00042969243518966747,0.01038436877264523,0.01032717575591469,0.0020156490796641355,0.003929834406859471,0.013237531669519407,0.0002392773514159425,0.0014131173766398829,0.0016753396901182365,0.011750314066057956,0.08011460534459322,0.0038788001269956063,0.02563314767603434,0.03223242355011792,0.020044499530506306,0.6842048901290636,0.0034860963786296976,0.0011644560516969591,0.002302294772150137,0.020083219857004835,0.007754933069400367,0.060529424014763036
7.918701180089803e-05,6.083816563175998e-06,1.394855991292275e-05,4.6118936015085245e-06,1.4240491239484221e-05,6.296176666718703e-05,0.0007337611332115848,7.26921785299143e-05,0.0005543835827684494,0.0068944367935476845,0.09155703227803437,0.048596099451024076,6.913706814234443e-06,2.9308118358083376e-05,6.683235514363702e-05,0.00013275424850414801,0.0005153240757961561,0.00020054298306816055,0.00044575768138621597,0.0020343603191468876,0.021655068560919005,0.0013668567103570252,0.8202821923323074,9.462104059545377e-05,0.00017911524004129238,0.0004656606139864319,0.00019977365339990367,0.0037354794032748236
2.9191515700416217e-05,0.00011170516766581567,0.00017571655147981732,0.0006095349123992703,0.0006479199316187596,0.0001579293735046143,0.00016200149076176545,0.0012644904028230027,0.003601884596062684,0.0010735595777756654,0.00010563829539733259,2.0606570689205063e-05,0.003264154505996921,0.0021504892945488304,0.03244912281008735,0.0157597423382352,0.02421096628211053,0.05137302101236379,0.011550511885713608,0.0024496732654568833,0.00033972186924832785,0.0038779946642405563,4.1385985448137125e-05,0.7725923596565061,0.021590757277742442,0.004505209246687886,0.042791769091759795,0.003092942427975254
3.4338637860378234e-05,0.00011017575477017185,0.0001403771404469259,0.0018383421191441583,0.0009418756150467234,0.00023711623369852814,0.00017041039607152344,0.0007511072427106666,0.0008898599206953369,0.002288815019471773,0.001406396268186343,9.771314066303288e-05,0.005016373551726062,0.004906823240080915,0.018276889088376325,0.001806283474457922,0.009324865305497186,0.0267008155023258,0.049527655309910074,0.025568455414271083,0.0019085934996221103,0.008809953996381344,0.00020232843752159498,0.015032961127725593,0.7639533953319424,0.02738743770607335,0.029972922538515807,0.0026977189868067886
1.3131364146098778e-05,0.0001469257146955302,0.00010104155787943257,0.00044878449712986915,0.002158680931376798,0.0001133353413433835,0.0002558301832843875,0.0010785232688616988,0.0010278471180247177,0.0011658561045316672,0.002406382288790238,0.0024935818415814416,0.0010930433577667274,0.01264353915409734,0.009805273370288707,0.011229358965962279,0.002280792613283823,0.04749842773270223,0.026218622897996317,0.006245265649141279,0.023934149157237256,0.03144434054612377,0.0018641775267034854,0.0022665545076402077,0.02024372513809276,0.7401504617323438,0.017099116026500046,0.034573231412474814
5.57587292683742e-06,1.273065681421344e-05,3.275875668713861e-05,0.0003308453241943949,0.0003634874378159961,6.634838016979207e-05,5.024772503330029e-05,0.0004251709803193028,0.00021727867975692789,0.00012478762040539913,0.00018203279461911367,6.29232092602279e-05,0.00498793170364562,0.0018795306100955324,0.007034408178245699,0.0010502140451025066,0.0011318548164816484,0.002172352129319272,0.010886333047574751,0.0031611305679814443,0.0026280250143942813,0.04208115207239338,0.00014253191535686392,0.021028428437966935,0.027030544104190472,0.0581475657098872,0.8018526453279193,0.012911164881442385
5.989769618490561e-06,5.208353436684814e-05,0.00017546775028663496,6.341369101675442e-05,0.0006681733716644214,8.574940152071927e-05,7.975690135856678e-05,0.0025430245800623207,0.0012023783327775911,0.0014569420770392735,0.001951236521236814,0.002909343048360996,0.00022768355177030299,0.002167116001397323,0.005112112802621622,0.028737078938214488,0.027960621115421476,0.03199910346150214,0.12884235959200357,0.0037873563446231876,0.0052388345370042045,0.034018152954750455,0.02088478960029099,0.0057320565854789285,0.006649358072806591,0.026241914079870053,0.002775463416413144,0.6584324399665219
