0.28869273426292524,0.03999266894330626,0.08810892166395173,0.11860398004307693,0.02394362101574319,0.07031455291988756,0.055264157523691945,0.02991076366709716,0.08841176453032279,0.0760647232183523,0.08740163140095618,0.0015479490198614667,0.0020753859388414043,0.0016217907121429318,4.245243154491502e-05,0.00398237804363273,0.01603062632031039,0.00012321796918306,0.00044223174700064674,0.0034271215128573312,0.0033079465109749216,0.0002786477921943336,0.0003942316908831837,7.574006270836212e-07,1.5226296457705612e-06,5.882493900661377e-06,1.2908021705110834e-08,8.325689066067606e-06
0.01011788422622926,0.5986934992870123,0.021101925281480353,0.031913885665035883,0.027249695800353687,0.027449888095536543,0.00562122149275256,0.09571471281423022,0.03917126444227036,0.0004936535034392338,2.118555090983926e-06,2.5681229391939483e-08,0.0055185752204318615,0.032855555766189266,0.008358154443279328,0.03746870375507611,0.05160613069985363,0.00237612637231677,0.0020491236869539563,0.0011072334712927654,7.365998142088048e-06,0.00040985659514171315,1.614278955279164e-07,0.0003114594767194103,0.0003510532889643348,1.9802587903799673e-05,1.469010043598642e-05,1.623226474257708e-05
0.020968310806294417,0.08007884513451574,0.6388012046778265,0.05153462690346877,0.03327640710373072,0.021737219911028578,0.015256173141103566,0.02369202650141624,0.03826233362691827,0.01008123984930838,9.425079102014263e-05,2.518719145435962e-07,0.004748452407852667,0.006378172308197635,0.0009002388591255897,0.022556253947536055,0.013838064124959778,0.004609315658657139,0.0007986487387240762,0.01143832944489625,0.00016156619357123603,0.00046397106483489546,5.912137920375054e-07,3.4692784740598586e-05,0.0001761928249764298,0.00010609309321796793,2.5227132994616436e-06,4.004303072510313e-06
0.04857432547708158,0.04077030834720293,0.0452259705806106,0.6875529422753937,0.014387000285716553,0.01834087107416212,0.0032705347258440865,0.011257903704326151,0.0017599549615292278,2.0713947315062487e-05,9.626831257392694e-08,1.1186751181888619e-09,0.02219837342707412,0.0124011627844013,0.022733141040257993,0.020001145968341204,0.005366673973907481,0.014973266376355402,0.012779396693905437,4.30285180399218e-05,1.3867361589107286e-07,0.00022437970961163034,1.5814359789181013e-09,0.013220884789552169,0.00278738349399744,0.0013456058202268167,0.0005445734920601606,0.00022022089104742825
0.03943461176409886,0.02808595132762823,0.021599231062919638,0.036465869277892124,0.6010010524197934,0.03901845516742352,0.01373605895225348,0.01995781421952594,0.013519579678298765,0.001507714740547396,1.2437068632784356e-05,3.334682518263945e-08,0.024664794909546654,0.021319943709383317,0.007213391128449505,0.0172525678246176,0.020903576193487317,0.03231323812163835,0.016759173951155316,0.004930091337394731,3.17419525417219e-05,0.010320207892467686,5.5400239044362444e-08,0.003621268496758653,0.020566241771892153,0.003319853314266975,0.0013405692844512586,0.0011044756858705602
0.014753659177333811,0.012686098381432772,0.04011118036585009,0.02128820918591178,0.04730824373966359,0.6518960566269549,0.02076535979768241,0.038586265024532725,0.023400812077716274,0.027025002938989334,0.006964882499763878,6.66609701072241e-05,0.0316615546877165,0.008444277578310868,0.0006035423115440039,0.00910756222845533,0.02178925090752612,0.0016270591107310827,0.004405776505797774,0.010042571703621833,0.006423870924229472,0.0005782005855675687,7.590133513675554e-05,2.403096387578445e-05,8.19256651463867e-05,0.0002075834903458579,1.3189412726607136e-06,7.314227478340805e-05
0.006404847029958583,0.004017203448568221,0.007819246551602259,0.005704706091313564,0.021774691609654992,0.025199184316219043,0.5535078454905324,0.04181538144428386,0.03675186053427055,0.030763071991828813,0.0556314503889266,0.033468658927333854,0.0012344548897739102,0.054806740021796266,0.002725784138983497,0.012418995894498321,0.01073586502039525,0.0013189244134720589,0.0027263202477371545,0.03127658034899654,0.023865926464292076,0.007409316921208694,0.027731632436243478,5.2458169829372656e-05,7.279067348281044e-05,0.0002253176052111197,2.4700771844804736e-06,0.0005382748524021373
0.0006133921710628726,0.01914795738585607,0.02444178154422855,0.018614170911215408,0.025722283905073733,0.01912537018433261,0.03131929690462961,0.6569367515701802,0.01908962733443593,0.011723862276160905,0.0015685192694819708,1.8064343116090768e-05,0.012255370623786184,0.021960155258381592,0.007516033384868808,0.02144492569422407,0.014056077560893603,0.008414911728013823,0.025231114002120886,0.014087903125946275,0.004754786239383175,0.012641948676326153,5.1856958440517306e-05,0.0014072806188483644,0.005652348857798518,0.01851233141930386,0.0005606538562662753,0.0031312241956240015
0.010851538584587817,0.005013871491473569,0.011592694712315704,0.009938913958650075,0.01495806470733994,0.03137923672516205,0.02136536214023093,0.02353724678058092,0.6401598145094608,0.021244807959461515,0.019876206608443435,0.005014763695763967,0.007544471449305341,0.014344379099137218,0.030023218517469922,0.019042006087527017,0.01712957829572319,0.009344992213369097,0.006467125268029398,0.012104294606593936,0.015208482264291421,0.01777287699663026,0.010274394595428055,0.005388178888776038,0.0022768818372457685,0.0051474006077351754,0.00018055886089494936,0.012818638538372357
0.009668219326572181,3.113882997273896e-05,0.0013340823157907361,2.7141682277566035e-05,0.00507733962692038,0.007598497536922607,0.03981622567590427,0.011679658505693979,0.019952196760893708,0.6343921765951487,0.035847242353800136,0.0612351644461871,4.068342343185348e-05,0.008880556973269846,0.002491085284089057,0.014137699364849203,0.013341083962375308,0.030472192749517863,0.00885911898310751,0.01710815979233472,0.019244593379352585,0.0063535349203387124,0.03519230146535246,0.0007922194064593234,0.007640726652795677,0.002723028232460432,0.0002605073478231463,0.005803424406358398
0.0013218383218223358,9.867546592540414e-08,2.5151038035795532e-05,1.8937637313981522e-08,3.3957198100899434e-05,0.001515829801837416,0.009842583460626707,0.00765939182445077,0.013573210734819192,0.019455923828668634,0.6670563698404708,0.06727257121358675,2.9679955210722584e-08,8.259688652197106e-05,5.6640832676037496e-05,0.022219730520160397,0.018518661236637948,0.00749697716587611,0.03937662902640272,0.01212229725193846,0.0264701016373505,0.013730855811884827,0.04875791771495355,2.186587235225509e-05,0.00155800509647025,0.014974828446293156,0.00028208490384378843,0.0065738330411599715
0.00011463343004833672,1.1523440796170616e-09,5.480059602200464e-07,7.423320089972811e-11,1.35375114343156e-07,0.00015694469565591176,0.006664586049121507,0.00026356716936199636,0.029368846539631156,0.023911592828699656,0.02503112011397888,0.6716804673350645,8.170862156783874e-11,2.0306677848529238e-07,3.57457748064427e-07,0.0006959223575103023,0.08726487962740903,0.00030652087867687194,0.023270618475970388,0.026795019615482713,0.010504441309996877,0.04016709621697718,0.03415512954590095,5.359600590912791e-07,4.63759348368522e-05,0.0021853064766616612,4.691430424611183e-06,0.017410458794644767
0.0535426612154401,0.0016545318500040297,0.044838788358105695,0.016183565007557403,0.02587505715766813,0.06205940312341971,0.0023384537199741193,0.014809441476309344,0.0035957220445641774,0.00015425596675759854,1.6157156447779623e-06,1.9778899853469497e-08,0.6100030897753768,0.012987903197945827,0.017373173608731383,0.011004955068942765,0.0025980342516458525,0.02363516886531875,0.007640522562904907,3.790748620543786e-05,1.9160434315889496e-07,6.362072072529358e-05,2.156781143646607e-09,0.03177438724777025,0.024043901723701695,0.02237683329427285,0.010944308708358537,0.00046248431263043823
0.0034889542205720743,0.038487629951338566,0.0011853979798094624,0.022490729153537663,0.009737338910758968,0.02942363657037656,0.04034553208513006,0.021684098246724088,0.010032076902094266,0.0015294279553720405,5.12457584475635e-05,5.031010821141305e-07,0.023517498795939302,0.552305967189279,0.027286569250884365,0.01719401694153672,0.010956506678465205,0.022333114218512386,0.021451803031485375,0.0016578915057433967,1.8382736209280277e-05,0.006146510958360702,7.250036741200261e-08,0.0075108188544776855,0.04009389910755912,0.02307144684596043,0.050531137707143146,0.017467792842832938
9.933912372415179e-05,0.0013265926363958778,0.0005741154781710215,0.034376726586955064,0.0014508991520011088,0.0024435637056430854,0.0272279322527925,0.018729342869733448,0.05961543904892203,0.001465961826224815,3.713539490757831e-05,8.145760990287094e-07,0.024461002565918592,0.009177442889970853,0.6261658713288111,0.02448891282469697,0.015727632530190806,0.023850747509210332,0.014812003220045033,0.0027583986002516106,0.00010366314405358726,0.002953345921660466,1.2166299000133774e-06,0.03253104114113756,0.027396588855810283,0.019632038097559208,0.02251357982865305,0.006078652260560927
0.0012880920959216261,0.05986813611511385,0.027405547185348777,0.013314021114404998,0.020634897292136477,0.0012700099617021538,0.022825620431848055,0.008862317316120503,0.017529025410834575,0.006325649717203936,0.0009524944387615109,4.021778769207793e-05,0.01775764288706826,0.018097611518011196,0.021874446710922982,0.6023651025146701,0.017245788836141522,0.028198533741453397,0.017978964142462906,0.008788131712863509,0.0013499350698209333,0.012751017535725197,1.7828790974222158e-05,0.008995484883328662,0.009362687551499868,0.029206551616258805,0.011910106584180017,0.01378413703752976
0.00419027087130122,0.004532186628261179,0.027718744970912968,0.003994067102606579,0.009098712024711325,0.033813799843097896,0.002577837770864088,0.029607714566539337,0.011904650703838306,0.021459823860401947,0.0105339729178021,0.0025989395103217586,0.008143005172520236,0.012525227786216956,0.015450646685063785,0.018224207476154313,0.6177663667074704,0.018238292155957892,0.0236687737148748,0.02148816054895778,0.016104523608776615,0.016270601891412446,0.004346693707454003,0.020258508137347638,0.0119193341691506,0.007747349160801457,0.004470642153567348,0.02134694615361513
7.122115925465752e-05,0.009168131519177317,0.0012939925303587121,0.019270251520072407,0.022520027823964943,0.0010072692572933074,0.005669978506412142,0.0015412490262250477,0.015856090959196784,0.046072670042922044,0.001058938869918876,3.298660119341623e-05,0.007705719499494524,0.020436000463406035,0.015948020257441086,0.007868681941891316,0.018749797915091692,0.6568940672402013,0.02579759228729974,0.0104051176988346,0.0019132469646098184,0.013031309058261225,9.430027964139934e-05,0.016443764184362632,0.03595735360413084,0.025514879564032034,0.0054494161916766315,0.014227925033635649
1.7501979806480366e-05,0.0026421935395034,0.005533099677158014,0.0018789730425813965,0.0102656322859939,0.002207770622071497,0.003774215308178281,0.025336516415070346,0.0029140268709889217,0.019173136188582487,0.06297888554043723,0.0021349079103161234,0.0031396121548157977,0.00607938080840199,0.010548786828306353,0.026943180160271564,0.009767000800585143,0.017370896664220207,0.63271167179505,0.017743174326682657,0.013264717179649632,0.0302378300071825,0.00405607200898411,0.013782286523805509,0.013944639161608973,0.030806893734116724,0.0076963658238243405,0.023050632641806176
0.010557247592941394,2.455053001328318e-05,0.0015062008799859652,4.014172203755321e-05,0.0014910088843510495,0.01737476659888017,0.052302118597072476,0.007659853373252259,0.0476088154126933,0.015818242022917293,0.028970545762584354,0.02260993106933216,3.358446177405489e-05,0.004428618445817531,0.011703243193328204,0.009984139841671803,0.018069177167680073,0.015617627945539964,0.012314727386793062,0.5725592755150053,0.03290303641240012,0.02128104297110512,0.04201111812947669,0.002875439387493006,0.02047829251487407,0.010902352922761574,0.012015146626739538,0.006859754631478418
0.0007964277939912442,1.1279824307913813e-07,1.2453893083608012e-05,6.524297750964557e-08,2.004158735281383e-05,0.0012098988686356767,0.018147589436184948,0.001224082906643633,0.009454410983672116,0.07162628172489013,0.021429072114807164,0.0421129096747803,1.9932787050737673e-08,2.681862321796113e-05,9.626039748847603e-05,0.005079427714868519,0.011142535383878174,0.024631783794364957,0.020560946485858104,0.020859082434641806,0.6261896632651156,0.010942975831991364,0.06635052264812252,7.017248840828001e-05,0.007597038022721805,0.024519101407023604,0.0016279352646120298,0.014272369279637683
0.0001556309367720514,4.2437819307400346e-05,0.001592199563474858,3.968794256430912e-05,0.0015076526379419497,0.005925753577114679,0.00640337785065811,0.011533476876103205,0.05190739929669458,0.005466227681714154,0.01777211235449054,0.0632813033866019,0.0001227641840420512,0.0026005812304186575,0.007184070285937757,0.008821554524475268,0.05728618018875748,0.011607715385248433,0.02345947039863358,0.013866666096347662,0.017016701052932535,0.59468458809828,0.01764535230317221,0.017575149173684437,0.016649149269640555,0.010689128271980772,0.007922299905028289,0.02724136970798231
4.6616829757177724e-05,2.7166930715616912e-09,4.136217288622397e-07,2.8947468655337035e-10,1.5455726771589566e-07,5.304636470659532e-05,0.004601337162904167,5.150961346296909e-05,0.0024262256075388393,0.01367742919679437,0.10720811732183208,0.033560494872629514,3.0199089028633704e-11,3.9992889170474096e-08,8.568991819607822e-08,6.681926939250426e-05,0.007844621302936812,0.00028333811816199484,0.04552499806297251,0.010772938812407911,0.02285996382214804,0.019931849641559436,0.6927059213324326,2.4843008940849436e-07,0.0001909393288674903,0.015789148333485353,6.06358660203351e-05,0.022343103811729156
6.359230032680706e-06,3.7101576211260906e-06,2.18780174582174e-05,0.0018699985670425406,0.00084842050750948,8.086708618889638e-05,7.693829837045423e-05,0.0033080796458834377,0.02285363469820658,0.00655864695646754,3.6556069791586823e-05,3.663291412234863e-07,0.06697254908635916,0.003516597058795685,0.013359286960765226,0.02093030970211898,0.13829421533107425,0.03206459035245668,0.029941408158059724,0.004461768540748256,0.00010767721375431475,0.006514863618088152,2.3083100859645317e-06,0.567939830874096,0.02971477559668233,0.018776311846187325,0.02609372220809292,0.005644329578921092
9.772473204850056e-07,5.66113056066073e-05,3.306832795226702e-06,0.008580446736143733,0.0016172198036823447,2.551215883055507e-05,0.00013878832562916796,0.0010070554973373928,0.004905442917993063,0.017647632147856283,0.0039327473199224664,2.2099818130113443e-05,0.02923259022055463,0.044841747832893464,0.03729387449666213,0.0032289062571660447,0.014186909651808473,0.011597392476540049,0.019606776604289868,0.0682046244031561,0.00174224832457097,0.013706694077867112,4.488225657630855e-05,0.02044558097190634,0.6121624889302493,0.02867012051871546,0.04503637690569702,0.012060945960099295
3.971716559815277e-08,0.00010277970131453234,4.2681844890951445e-05,0.003523251852124742,0.004686499834017859,5.357729788653551e-06,8.675894985961887e-05,0.0020599015281768263,0.0024360429525163707,0.012489009054844727,0.020529768561051747,0.004225142490718642,0.00420787128862258,0.0162148738952306,0.011053058666127156,0.04520689881990442,0.005191196851132768,0.05111682125255514,0.014858265337480294,0.013317777047706253,0.047752919691799525,0.01375128464930916,0.0013770581165940597,0.017162087970511865,0.027942549756497615,0.6359190441741738,0.015034350149397687,0.02970670811648685
3.450964500507226e-08,5.406507234976983e-08,1.559581216987127e-08,6.023979938696375e-05,3.206799331900982e-06,2.701776065768623e-07,1.3241845214045305e-06,1.5947196950276707e-05,8.127367367078252e-05,3.34083619296169e-05,2.406470854597838e-05,9.937085023556059e-07,0.01295009150290489,0.002904990130653859,0.09991114305096208,0.001157949765213047,0.00422809561853569,0.0065999333184535765,0.010803229246342307,0.005370980019821915,0.001220223362353058,0.04293892114192768,4.666393087713717e-06,0.08420118242099454,0.022898560202864755,0.01731504437262647,0.6776645829191744,0.009609573753108565
6.01372151562227e-08,2.3234701798146724e-05,7.836527979922505e-05,0.00010054261745681272,0.0020940515549838323,7.023642031532452e-05,2.31045017464788e-05,0.004959083451422213,0.005840278683674859,0.008142418121705994,0.02887583643604723,0.02246598001039193,9.708478082292278e-05,0.002970241068657827,0.005420229311938595,0.016831689035118582,0.08931775519881043,0.015176052403542332,0.10480783098534652,0.010047936398525827,0.012394401301338093,0.020870352206524376,0.034028631104770946,0.010742603530499568,0.015033623055522746,0.036637426046576466,0.015374360606084296,0.5375765910493634
