0.567217365786291,0.019782150545615104,0.055690029238162526,0.017444451730404164,0.02420805846453398,0.0667610984966248,0.04716500965474903,0.017245201725686294,0.04695698582665082,0.08491882089587405,0.00896720973337082,0.0003026313723155327,0.0024413267305096868,0.00600439667357378,0.0005588659563497746,0.0023898350243008646,0.007620809332560653,0.00022113930720868316,0.00043044301953558634,0.019378885346419034,0.0032656156743104815,0.0006709921914165993,0.0002581347595815035,3.4640283440917676e-05,2.319533986958891e-05,2.5667667360301562e-05,3.20960895044743e-06,1.3829614333790321e-05
0.0075540695104336355,0.6519748134354694,0.041792294460775266,0.03544937544880023,0.043002524244312154,0.022950389389145825,0.008022019266493437,0.03539793277706866,0.003051808353792143,0.00025177234405678376,3.802377994956034e-05,1.0225319380519677e-05,0.007824090575918324,0.03129482270554173,0.008790722145252434,0.0637716691867128,0.005315976287307127,0.021861030996408966,0.006199126964206387,0.00012061108588590382,1.0662872238968876e-05,0.000424394200508645,4.397219050313088e-06,0.0008519413173306164,0.0014639347090940145,0.001983742543176802,5.690607828785009e-05,0.0005307227834015653
0.02352535199921503,0.04036332205935037,0.6056148412085967,0.043932267931311296,0.033258954376934026,0.03761984190885381,0.01638912432335554,0.03657626382375981,0.03029864899468509,0.002641791756319993,0.00026983116289799994,5.426254691980681e-05,0.017129207893750744,0.007679414094510528,0.0021541004449626283,0.02620617312469777,0.04874938270056705,0.0063385885086443385,0.012998569408240948,0.0033830886831207707,7.465273574476808e-05,0.002480070795669007,8.584205319466252e-06,0.00031424319298922385,0.000510416407220162,0.0007366665949816338,3.8715145650134705e-05,0.0006536239717315871
0.009680421194547892,0.047812308764533816,0.03647679567032402,0.60678072577483,0.03587532989001959,0.00966283704957313,0.0021500925664307948,0.020656211145718886,0.007435306928266493,0.0005790050424203065,3.644510489505658e-05,3.447064189196532e-06,0.03074751323702994,0.037803001896269256,0.024239071569281016,0.028045460260085774,0.0028538759439091558,0.04888951253006049,0.0042005769429625485,0.00024695913728649076,2.8953042056900692e-05,0.00012173487858199608,5.84738215139162e-06,0.01262175843725023,0.02264832875938634,0.0073616110683536184,0.0024775150778868537,0.00055935364169872
0.007664793679775922,0.012207617483103634,0.032848553158264036,0.03031256143763875,0.6006529720292539,0.029797333380794013,0.008188861710286783,0.036735301041839766,0.01656832412159157,0.006471440647309765,0.000723261510324078,6.546205015341628e-05,0.040173563132756426,0.026495082431466865,0.005881956874534402,0.031035595535705618,0.023447779039903617,0.018899385857177143,0.03684407070781869,0.002144222775499613,0.00019549550400646036,0.0026106526636942968,3.075153867790787e-05,0.003988446724658313,0.00861760482394832,0.013146799027053088,0.0012972884534422286,0.002954822659321265
0.02563136791907424,0.005705188690690889,0.03442371573154587,0.01409221213940852,0.03790121225253455,0.6074230700119508,0.030588437425491923,0.039143929753460247,0.03182940952456704,0.028416183230057648,0.0043459286581261514,0.0007459148260475768,0.014354368645959015,0.01725903818613459,0.005981080888646242,0.009930266701693415,0.025059402893500442,0.0023919878125125654,0.0062279673013828874,0.04234641750095853,0.0037767441656283854,0.010176588185128172,0.00012816748527929136,0.0007151210042983932,0.0003066881054023072,0.0005045657145388069,3.717572984395276e-05,0.0005578495161375395
0.011853089382633488,0.0053990206885587665,0.010155156082656958,0.004262147386603299,0.01723510116226709,0.03683845145907593,0.5794069815758043,0.04326782992821229,0.045090451545887617,0.028249377534144953,0.04014496764631254,0.013456153761572722,0.0060809487531195095,0.017634338277287998,0.002755298279215521,0.024388970352577137,0.013078090150088956,0.008740556863301566,0.0032274913981617274,0.021295355476029953,0.049216662187241175,0.006054644860692087,0.00916971080438814,0.0005688561097318825,0.0012187139300540613,0.00046236333753240706,0.0001078989093200013,0.0006413721575279859
0.002525498555325099,0.011435981808652174,0.011975626432450098,0.005533902266127668,0.02636092874757538,0.025342296390754526,0.021262066060977927,0.6311866238477982,0.03143697554489825,0.011651865152782256,0.008229727703204954,0.001724556122510086,0.012055480701920506,0.028432645929016304,0.015515018216652536,0.027729830310242017,0.02552027838150901,0.00635783823053846,0.016269201630236468,0.018317581240326463,0.0023993925901268525,0.028330489140152765,0.0003689112722934853,0.009550137421183068,0.0035723928686471505,0.007158330099105941,0.0007934181676038416,0.008963005167388273
0.0046210117485777314,0.011614200587908576,0.014660009192032688,0.006593111260867465,0.009918287974916883,0.0157935656703274,0.0225566821447558,0.03179879517124646,0.6271697764932588,0.02763663348565374,0.011896423595414601,0.017228416223950473,0.004238029717826244,0.012763299096737464,0.014930711740558532,0.02893995042015745,0.030586002034023743,0.01750518683129286,0.00744585355462452,0.0202130780932429,0.01957320006179451,0.012654658458578005,0.0054259097782106604,0.0031436692385128865,0.009701035227909893,0.0037209688829723587,0.0018856586970723696,0.0057858746175748115
0.012538645429886738,0.0002853550671076059,0.011578782306171822,0.0001515170829399986,0.01300891146684234,0.018527379499575947,0.020785581242377157,0.019755275664472202,0.035335300435647296,0.5934807674261019,0.0342665726683786,0.01614692328471296,0.0001813956802843789,0.008294990489666249,0.00912015763848886,0.019603822314170374,0.02990876837555697,0.02261668074555465,0.022367721246084778,0.029482120245427193,0.019739187168487566,0.007263458460386984,0.030885273942179808,0.002943786474747254,0.004351559755801634,0.012677421604996578,0.0011006719429196494,0.003601972341032221
0.0020878345248997346,2.6117974744100974e-06,0.00023352408879267458,2.167384282569587e-06,0.0002697725745642838,0.009096458194852814,0.015991181577505648,0.02237125773559508,0.026678804510011117,0.03285501950788843,0.6148960493622392,0.04614823395371722,8.45774107754176e-06,0.00043822223548401683,0.0005024194648213711,0.018049404813210875,0.026567406882375723,0.02032781189867609,0.035085251651281665,0.024407308870703616,0.02981927004950717,0.02253051087060251,0.02351280914737641,0.00031127351930743976,0.005887985872654992,0.007162761106659123,0.00035010418127712434,0.01440608648316128
7.102247900610481e-05,2.804619502945553e-07,2.475638962110046e-06,3.3930855300821027e-07,4.096277353688532e-06,0.0001612278560444332,0.005462426540958877,0.0004002150222717685,0.025680057457725995,0.030017177277387275,0.038290719587412536,0.6817390689955615,2.560938508996493e-06,2.1706810511438772e-05,6.035118819634327e-05,0.0009490918890343552,0.02871386876864782,0.0013140833295597163,0.03586998073233902,0.02897934048667217,0.02379466083154442,0.03935424486932121,0.03916015081195784,3.886834595852546e-05,0.0006106772827749818,0.010199209331421658,7.86712498399703e-05,0.009023426230523874
0.001335721858792727,0.009243518221846167,0.016056538920638026,0.04273415291568208,0.03966011653020568,0.019486577203928032,0.001782487729967415,0.012588554831652698,0.0021631546627192163,0.0001135134156854498,4.856591539603123e-06,2.8439785311299824e-07,0.6247504316042496,0.03457926246867039,0.04255953485650501,0.01982787277410374,0.00770932170062524,0.02740696821424238,0.0034217810900138137,0.000639282879462943,3.587990141833518e-05,0.00034196054986119546,2.89385107060786e-06,0.021675146789446022,0.04305465668269864,0.0037389578136342323,0.024938860052117675,0.00014771149136995633
0.004943985991060855,0.012206709761912009,0.008027911457675115,0.015444616420968107,0.030679517712621947,0.014616627115834805,0.015883738317041977,0.034502379128594135,0.01156624102200885,0.0028030151433527826,0.0002768191928446848,1.9960064043742574e-05,0.02704615507958788,0.6049792840231895,0.028887557592071848,0.03651283484838826,0.016897130207617062,0.033854844782585686,0.02242537820813554,0.006366539813390571,0.0006428175613960557,0.002363064267930753,5.205781889857733e-05,0.004834444099690228,0.016540576339353474,0.033671161939510606,0.011468360122664804,0.0024862719676301687
0.0006751244560208912,0.007015114011579418,0.0060827526343164105,0.016511615094926862,0.013276914748977091,0.007464408252231071,0.002139437868394495,0.02101143642693378,0.027639343224596814,0.004491000340716744,6.244714713763622e-05,1.3645092074314266e-06,0.022777213533536855,0.03285091105239564,0.6117525751258877,0.03930534742662198,0.016011727912386975,0.03685574791136803,0.016725789324977175,0.0026269051258321517,0.00019288965180950314,0.006521397361948715,1.2142073507318955e-05,0.03393258895247671,0.0370994179851436,0.02135046806021476,0.012775814929582055,0.0028381048572722204
0.005081115206661871,0.027206483029318624,0.010452721424378135,0.012998735914275755,0.014689250955638526,0.006544832384005719,0.01056315448763532,0.02507133589076984,0.02493260835209665,0.009336641063664842,0.004761167830290706,0.0010011036729083867,0.005201522967966456,0.021953182736772294,0.025374641755833285,0.6131112249869458,0.03164666924246408,0.026289538156466914,0.025517849310297377,0.010632014440268404,0.0060789823929693525,0.0148942909434011,0.0011476748609964762,0.017026771375043877,0.004558551617877792,0.013200334076219025,0.006011548005538461,0.02471605291929493
0.006203045842829279,0.008244474619149242,0.021068274011611307,0.010085272631902023,0.014625259702397985,0.009716086364455903,0.005619140870094723,0.020023553068205142,0.023184316909297342,0.021108696959310638,0.011782125086334186,0.012280265254053489,0.006690180415551701,0.008179825446494834,0.010980019502543382,0.02696765320907107,0.6142837227086204,0.02115169342981229,0.02562481904781046,0.025048876150626165,0.008510528551833008,0.017393787171825784,0.009887438128789526,0.01716318122583795,0.015224702605588792,0.0046203478043623705,0.014928917826375437,0.009403795455215417
0.0005714501246249474,0.006070198964505631,0.007270856818583549,0.019919273593275562,0.013953684849630506,0.007813149013438873,0.01086664872478817,0.012467127735744408,0.017249874064212193,0.021203375087586275,0.008019634146519405,0.00024309075090370885,0.014355155650393202,0.019184966855200034,0.022677439492243635,0.026670279055718053,0.027910649837637903,0.605394225073281,0.03297659594319093,0.011295768529500361,0.00344305359853494,0.0102267578395669,0.0005574190511882902,0.024453356611192426,0.03018052938670377,0.02827239179097496,0.0028579554359679012,0.013895091974892646
0.0007074366884249462,0.001121158835541734,0.005203613406133458,0.004906625529578291,0.016174461518948326,0.007273355367272254,0.009807398415517556,0.013913082283824324,0.01175401078786818,0.016536833215774968,0.025741902464899123,0.021325403038798228,0.0073598658844231815,0.01325423238452851,0.0069027732070217574,0.024193682548580252,0.02497194919442746,0.026856361034675934,0.6077331690127122,0.02048464333730257,0.011290012332429324,0.024734737188311186,0.007433620081558664,0.01117752522743627,0.01845384472935145,0.028243397498351742,0.013880637902251901,0.018564266884056192
0.004324886408127148,0.0006699218115183011,0.0054716226979406885,0.0004156886149967327,0.010020555302601207,0.01642680460386966,0.008903165333057371,0.019333699767524325,0.029155652769131554,0.029078706309397677,0.03211032802124506,0.02330614292047866,0.00015582971866261194,0.011954319336927586,0.007584464851946897,0.017098522772464906,0.03652421626502917,0.015038525124111869,0.021074767700900585,0.5948143864935391,0.027942151486947956,0.02312429376038822,0.010898786003634139,0.007768378947114423,0.020191935283691436,0.016760734934598356,0.0056682403967182205,0.0041832723634364815
0.0004992269959680215,2.196884415100939e-05,0.0003002304237415261,3.421030914419468e-06,0.0003279391542556616,0.0024648318630968247,0.008446098848474866,0.008095205733465631,0.016395595291472574,0.036363906728437125,0.047790193422835255,0.05730034299198798,1.3370063227750234e-06,0.00024999436166111053,0.0003276797092615033,0.02025887127478892,0.024663240417210495,0.01392691147075121,0.019647919417471876,0.036548336766290525,0.5899977467163511,0.016241318082300102,0.03713703024623779,0.0003349414899811733,0.013581503491201413,0.027067359355843618,0.006946308086790287,0.015060540778735379
0.0008239823767391602,8.724796742177187e-05,0.0009691241027630708,0.0005088977870401783,0.004000736080849245,0.004405467248277744,0.007019792528277104,0.01532786459953862,0.013654330770678564,0.014837540550189291,0.029785772866721832,0.05197596152523624,0.00049319353000909,0.006842079997889231,0.00965886412229508,0.01669474183949619,0.035399347527337297,0.012775265506627302,0.03872338498535421,0.029551371118905514,0.026179036189318102,0.5757238052566789,0.020403314278633365,0.00827951126383927,0.012964250680812257,0.01707040023725646,0.021892572676071427,0.02395214238574324
1.1872715623831695e-05,3.4460231878751105e-06,1.0113687608144132e-05,3.190616813095611e-07,3.178640571132785e-06,9.457402330925288e-05,0.0007457204514142938,0.0002262649001547955,0.004497001250673787,0.011396798732997718,0.050193222636648896,0.08319397079003103,1.7076911836699965e-07,2.5276296469559516e-06,9.069534277435977e-06,0.0003894888493835225,0.024114618705527717,0.0006691788012496402,0.022205416466922992,0.02494626327230279,0.03982858152209567,0.020635441886394202,0.6611445770593226,2.3725335455850995e-05,0.0008141830949358084,0.02380355172365516,0.0004886214143757178,0.03054810102143332
4.8461036569420034e-05,0.00023704435756284536,0.00029829138434752154,0.004614408519839049,0.005586669149766679,0.0005764642982536533,0.00017354200086449237,0.007738610821550725,0.0023942293353925686,0.005461691423122543,0.0004319069965629796,2.4532075408700594e-06,0.02153061327394427,0.021376144131128493,0.045057061241280415,0.027898713231855596,0.04282955313616797,0.04918789765700504,0.02350207961256307,0.007401794662148135,6.457315544688252e-05,0.0026776893860431085,1.0393998086439713e-06,0.636191765252345,0.03720463533303607,0.014973690694298184,0.03642645891536787,0.006112518386187927
1.4393273015707548e-05,0.0003164911169337619,0.00028435820839393033,0.002871398487119346,0.0045156722434763295,0.00037791139129111055,0.0008060184089304953,0.007437119572498871,0.01147180647941288,0.0032287088208886,0.008983853457215652,0.0012863172419871312,0.013099073009405647,0.015484744325499681,0.029909312973875595,0.020111009425331124,0.02412782390956278,0.035235154954970725,0.03362853624810708,0.02838707912920188,0.009815270788856103,0.014603438163227114,0.0001863571039425003,0.03063084859489638,0.6227116521744185,0.034464603314593896,0.03652429856201624,0.00948674862093086
1.0626836105490952e-05,0.0001852181438347147,0.0004150524079534507,0.0004808995894573372,0.002581683415510187,0.0003831915073425977,0.0005932709239280808,0.004854289575544849,0.009463179565136601,0.020710257018022545,0.00799835411310535,0.025920176859522,0.002462684001050889,0.009481226010510763,0.01271843920938332,0.013974697467007488,0.018600525360709778,0.03098425665089893,0.031235455891248716,0.020385622288376124,0.026676636951586452,0.02125456328525727,0.020812917086446482,0.006681139082833809,0.03398748597443988,0.6334624591530759,0.017658589875525932,0.026027101756185028
8.87058118353827e-07,4.5648066540223774e-06,3.6113039069655977e-06,0.00011225702917112909,0.00010637241957639787,6.391852951285983e-06,2.568514753921308e-05,0.00019783502770934534,0.0005591694472123066,0.00016647100845276235,0.0002140839759410932,0.0009029096252179161,0.0014149134882978367,0.0026665813215629576,0.016810152764371204,0.006389150473373081,0.010815286108656614,0.03199500436668799,0.03326940401921903,0.002706958943253995,0.0063137934254478365,0.03708989382847232,0.0010342823410992733,0.051280673542834596,0.056870713481989014,0.044546256996838424,0.6741366147144854,0.020360081480959732
2.7534813372684077e-05,5.984999914073471e-06,0.00022819314124548944,4.53200272779029e-05,0.00048300350688767053,0.0005352268256016163,0.0005648187853063697,0.00263267129154649,0.005045938794820784,0.015690493253482377,0.06713663940365316,0.03361578218357558,0.0002733530882924942,0.002047170835628187,0.0042552818488590825,0.009210805763923108,0.01318370489909063,0.0133079493548506,0.03873544477956875,0.020071495507113474,0.02984711917627759,0.03141157200072733,0.04553487373635038,0.007843496535398772,0.009986701124302534,0.047257457059151096,0.011608870303391984,0.5894130969603897
